-0.698 -3.128
-0.959 -4.351
-0.811 -3.656
0.021 0.243
-1.042 -4.743
-0.583 -2.588
1.412 6.765
0.18 0.987
-0.002 0.133
0.199 1.078
-0.342 -1.46
0.659 3.232
-0.234 -0.953
0.487 2.429
1.532 7.325
-1.252 -5.728
-0.65 -2.903
-0.344 -1.471
-1.601 -7.362
1.352 6.484
1.139 5.483
-0.974 -4.423
0.439 2.203
2.101 9.993
-1.329 -6.088
1.483 7.095
-0.316 -1.337
0.431 2.163
-0.695 -3.116
0.383 1.941
-0.759 -3.415
-1.298 -5.939
-0.901 -4.081
2.257 10.726
-0.017 0.065
-0.298 -1.253
0.165 0.919
0.645 3.165
-0.872 -3.946
-0.207 -0.825
0.859 4.172
-0.204 -0.81
-0.257 -1.063
-0.258 -1.067
-0.638 -2.845
1.05 5.066
1.271 6.104
-0.5 -2.198
0.453 2.266
0.61 3.003
