0.107 1
0.649 1
1.046 1
1.715 1
0.662 1
-3.761 1
-0.055 1
-1.329 1
4.119 1
-1.175 1
2.245 1
-1.53 1
1.744 1
0.863 1
-3.089 1
0.986 1
1.982 1
-0.059 1
-2.218 1
-1.745 1
-0.533 1
0.563 1
-1.888 1
0.343 1
3.631 1
-0.289 1
-0.665 1
2.48 1
0.758 1
2.927 1
0.007 1
1.214 1
-1.921 1
-0.489 1
0.755 1
2.61 1
0.455 1
-0.768 1
1.931 1
-1.279 1
-1.988 1
4.232 1
-2.263 1
-1.849 1
-4.238 1
3.524 1
3.538 1
2.296 1
2.955 1
-2.296 1
2.535 2
8.672 2
-0.151 2
-0.467 2
5.095 2
-0.564 2
-3.942 2
0.675 2
-5.046 2
-1.206 2
2.749 2
-5.44 2
-4.772 2
-2.452 2
2.709 2
4.388 2
2.987 2
-0.524 2
4.541 2
4.29 2
2.258 2
2.573 2
-0.422 2
1.846 2
-2.749 2
2.947 2
3.638 2
2.833 2
-2.461 2
-5.332 2
-0.389 2
-0.258 2
-4.445 2
3.522 2
-4.029 2
-3.281 2
5.846 2
6.407 2
6.581 2
1.813 2
2.022 2
4.648 2
6.085 2
0.145 2
-5.371 2
4.172 2
7.847 2
8.889 2
-2.754 2
0.741 2
