-1.178 -0.577
-1.012 0.063
-1.748 0.225
-1.667 -1.024
-1.662 -0.137
0.837 0.142
-0.015 0.843
0.222 -0.044
-0.719 0.598
-0.581 -0.445
0.596 -1.544
0.045 0.264
-0.129 1.051
0.417 0.562
-0.848 1.577
1.509 -0.934
-0.26 0.034
0.938 -1.397
0.743 2.192
-0.702 0.606
-0.094 0.1
1.183 -0.363
-1.226 0.785
0.047 -0.927
-0.998 -0.509
-0.86 -1.772
-0.46 1.438
-0.123 0.277
1.217 0.283
-0.554 0.008
0.917 0.152
-0.712 1.236
0.962 1.321
0.475 -0.07
1.735 0.237
-0.428 -0.767
-1.587 -0.185
0.737 -0.5
-0.644 -0.386
-0.919 -0.978
0.405 -0.835
0.585 0.757
-0.06 0.335
-0.535 -0.643
-1.724 -0.241
0.678 -0.184
-1.201 0.349
-1.282 -1.134
-0.154 1.299
1.141 0.144
